12.5
0.5
55.2
100.0
33.1
10.0
60.8
1.7
100.0
9.9
4.3
44.7
93.2
82.3
85.6
0.0
31.6
60.4
77.1
46.1
99.5
88.7
5.4
68.3
97.3
70.4
37.1
99.8
70.3
97.0
54.8
49.4
100.0
92.3
0.8
54.7
98.6
36.0
86.7
55.1
56.1
98.8
24.3
70.8
89.1
98.0
29.4
78.7
30.6
71.1
98.7
88.9
73.0
32.6
74.7
93.0
29.9
36.7
92.1
98.1
36.3
100.0
59.0
19.6
29.6
29.5
96.9
92.9
19.3
100.0
0.5
100.0
39.3
0.4
65.6
23.4
77.4
4.5
10.5
97.7
0.0
66.2
63.6
88.6
37.7
63.6
88.9
33.7
63.6
38.4
51.2
37.7
63.6
15.6
90.4
41.1
86.0
25.1
77.7
36.3
15.9
9.4
28.9
64.0
82.7
36.8
79.8
36.9
96.3
0.0
12.2
47.2
69.6
29.9
76.0
42.6
93.0
88.6
46.8
92.7
25.4
0.0
97.2
42.8
74.1
0.8
91.3
98.3
67.7
30.5
93.1
89.9
99.7
0.5
63.6
29.9
26.8
49.5
14.5
86.3
26.8
18.5
87.6
16.8
63.6
32.5
44.3
29.2
55.0
68.0
0.0
25.9
19.6
29.4
76.8
88.6
99.5
63.6
90.3
26.7
61.2
88.8
47.2
42.8
100.0
74.4
67.4
83.6
77.4
46.7
80.5
63.6
5.1
100.0
48.0
0.0
15.4
63.6
96.2
72.3
37.5
13.7
16.4
87.7
0.0
25.2
65.6
89.5
0.0
63.6
28.5
0.0
24.9
42.2
0.0
0.0
49.4
53.9
48.1
33.6
53.9
94.4
78.2
63.6
23.4
41.8
64.6
100.0
68.6
24.4
63.6
55.5
65.1
23.5
49.2
51.4
82.1
70.1
41.4
57.2
63.6
63.6
44.3
92.2
79.4
63.6
15.5
25.0
90.2
97.7
19.4
0.0
87.7
64.6
67.6
63.6
31.4
75.6
100.0
42.9
90.1
65.4
83.3
13.0
91.8
79.8
23.2
100.0
35.1
87.0
93.5
12.2
29.8
10.3
41.7
100.0
0.0
77.3
61.3
94.6
84.2
91.7
71.2
28.9
70.1
46.2
0.6
1.0
91.9
25.3
71.7
28.6
79.8
54.5
63.6
63.6
40.7
30.6
68.2
55.6
84.0
27.8
63.6
51.4
4.7
28.9
91.0
33.0
38.0
100.0
18.2
63.6
51.4
100.0
0.8
33.2
52.9
44.2
45.9
72.1
17.6
23.1
96.4
88.6
93.5
86.9
99.9
69.9
31.8
12.6
91.6
22.1
37.6
37.7
68.6
70.6
37.9
77.8
0.9
63.6
58.0
99.3
0.0
2.9
18.4
22.1
0.1
30.0
38.0
0.0
18.3
95.5
76.1
37.3
89.9
4.8
72.5
10.3
96.8
29.4
88.6
95.6
85.9
8.6
69.2
96.0
37.4
44.1
32.3
70.8
62.0
44.9
20.1
100.0
0.5
98.7
86.0
56.5
30.7
4.1
91.0
60.8
22.8
49.6
1.1
17.8
100.0
17.7
27.6
2.8
68.3
40.7
63.6
88.7
33.6
15.9
100.0
8.0
97.0
63.6
92.1
2.6
50.5
100.0
23.2
90.1
63.6
7.6
53.2
94.7
91.1
57.3
34.0
47.9
40.1
0.2
63.6
46.5
60.7
94.5
4.3
43.6
1.5
0.3
17.1
96.7
11.2
42.3
38.1
100.0
24.3
88.7
30.7
43.2
31.6
19.7
71.5
77.8
91.1
68.3
25.0
95.8
100.0
72.2
0.0
73.6
84.9
93.9
63.6
79.1
43.3
100.0
91.9
44.7
75.2
3.2
63.6
77.9
26.4
0.0
0.0
42.1
87.2
90.1
0.0
63.1
17.5
0.0
65.1
99.7
41.1
0.0
88.6
16.8
75.9
0.0
89.6
82.6
15.1
75.3
72.4
0.0
19.5
44.8
19.2
92.9
16.1
66.3
55.0
31.6
100.0
50.5
44.5
76.0
63.6
3.9
70.0
76.7
32.7
64.2
56.8
28.0
63.6
100.0
99.4
19.7
92.1
90.8
10.7
91.6
47.9
65.5
44.7
8.2
88.0
62.0
1.2
84.3
91.1
89.8
90.4
89.2
100.0
1.5
26.3
0.0
52.9
32.1
63.6
99.5
11.9
90.6
58.3
85.3
31.2
27.2
96.7
39.9
7.3
65.5
78.2
37.4
90.0
70.4
0.6
35.8
46.3
22.9
11.7
57.6
54.3
100.0
98.4
57.5
10.5
94.0
63.6
15.4
63.6
66.2
0.0
0.0
24.8
63.6
74.2
3.3
63.6
55.4
19.4
53.1
28.8
35.3
63.6
24.4
51.2
92.0
83.3
80.8
98.2
0.0
82.3
26.9
43.8
66.6
59.7
92.2
27.3
63.1
0.0
8.0
66.2
31.7
71.5
76.6
34.3
11.8
0.0
93.8
74.7
31.7
7.1
19.5
44.5
0.3
0.1
41.1
65.7
73.4
92.5
75.0
36.0
94.5
0.0
33.4
37.8
27.6
33.2
40.4
40.1
53.8
41.9
11.3
53.3
100.0
88.2
16.7
63.6
28.5
99.8
36.4
26.9
76.3
53.8
23.6
72.2
100.0
0.0
0.0
82.9
5.0
0.0
75.2
14.5
33.4
94.2
81.8
82.9
17.4
78.2
37.0
63.6
74.2
89.5
93.2
33.0
70.6
100.0
28.7
99.7
31.1
86.3
85.9
81.9
0.0
92.7
26.5
26.0
74.5
80.0
34.3
83.9
87.8
35.2
5.4
85.3
100.0
63.6
77.6
33.8
47.8
58.1
28.9
21.1
75.4
48.0
0.2
